% X轴 - 自车车速减去前车车速 41
DeltaVArr = [-30 -28 -26 -24 -22 -20 -18 -16 -14 -12 -10  -9  -8  -7  -6  -5 -4 -3 -2 -1 0 1 2 3 4  5  6  7  8 9  10 12 14 16 18 20 22 24 26 28 30];                                                                
% Y轴 - 自车和前车之间的距离 减去 目标距离(前车*2.0) 35
DeltaSArr = [-40 -35 -30 -25 -20 -18 -16 -14 -12 -10 -8 -6 -4 -2 0 2 4 6 8 10 12 14 16 18 20 25 30 35 40 45 50 60 70 80 90];
%需求减速度 35 * 41
AccReqTable = [ 
   %-30  -28  -26  -24   -22    -20   -18  -16   -14    -12  -10    -9    -8    -7    -6   -5     -4    -3    -2    -1      0      1      2      3      4       5       6       7       8      9      10     12     14     16     18     20     22     24     26      28    30
    1.80 1.20 0.60 0.00 -0.60 -1.20 -1.80 -2.40 -3.00 -3.60 -4.20 -4.50 -4.80 -5.10 -5.40 -5.70 -6.00 -6.30 -6.60 -6.90   -8.00 -10.00 -10.00 -10.00 -10.00  -10.00  -10.00  -10.00  -10.00 -10.00  -10.00 -10.00 -10.00 -10.00 -10.00 -10.00 -10.00 -10.00 -10.00 -10.00 -10.00;% -40
    2.70 2.10 1.50 0.90 0.30 -0.30 -0.90 -1.50 -2.10 -2.70 -3.30 -3.60 -3.90 -4.20 -4.50 -4.80 -5.10 -5.40 -5.70 -6.00   -7.00 -10.00 -10.00 -10.00 -10.00  -10.00  -10.00  -10.00  -10.00 -10.00  -10.00 -10.00 -10.00 -10.00 -10.00 -10.00 -10.00 -10.00 -10.00 -10.00 -10.00;% -35
    3.60 3.00 2.40 1.80 1.20 0.60 0.00 -0.60 -1.20 -1.80 -2.40 -2.70 -3.00 -3.30 -3.60 -3.90 -4.20 -4.50 -4.80 -5.10   -6.00 -9.00 -10.00 -10.00 -10.00  -10.00  -10.00  -10.00  -10.00 -10.00  -10.00 -10.00 -10.00 -10.00 -10.00 -10.00 -10.00 -10.00 -10.00 -10.00 -10.00;% -30
    4.00 4.00 4.00 3.82 3.22 2.63 2.02 1.42 0.83 0.22 -0.38 -0.68 -0.98 -1.27 -1.58 -1.88 -2.17 -2.48 -2.78 -3.08   -4.40 -5.20 -6.40 -7.00 -8.00  -9.00  -10.00  -10.00  -10.00 -10.00  -10.00 -10.00 -10.00 -10.00 -10.00 -10.00 -10.00 -10.00 -10.00 -10.00 -10.00;% -25
    4.00 4.00 4.00 4.00 3.90 3.30 2.70 2.10 1.50 0.90 0.30 -0.20 -0.50 -0.80 -1.10 -1.40 -1.70 -2.00 -2.30 -2.60   -3.80 -4.50 -5.00 -6.20 -7.50 -9.00 -9.50  -10.00 -10.00 -10.00 -10.00 -10.00 -10.00 -10.00 -10.00 -10.00 -10.00 -10.00 -10.00 -10.00 -10.00;% -20
    4.00 4.00 4.00 4.00 3.90 3.30 2.70 2.10 1.50 0.90 0.30 0.00 -0.30 -0.60 -0.90 -1.20 -1.50 -1.80 -2.10 -2.40   -3.60 -4.90 -5.40 -6.20 -7.10 -7.90  -8.40 -8.90  -9.40  -9.90  -10.00 -10.00 -10.00 -10.00 -10.00 -10.00 -10.00 -10.00 -10.00 -10.00 -10.00;% -18
    4.00 4.00 4.00 4.00 4.00 3.60 3.00 2.40 1.80 1.20 0.60 0.30 0.00 -0.30 -0.60 -0.90 -1.20 -1.50 -1.80 -2.10  -2.60 -3.30 -4.80 -5.30 -6.80 -7.90  -7.30 -7.80  -8.30  -8.80  -9.30  -10.00 -10.00 -10.00 -10.00 -10.00 -10.00 -10.00 -10.00 -10.00 -10.00;% -16
    4.00 4.00 4.00 4.00 4.00 3.62 3.02 2.42 1.82 1.22 0.62 0.32 0.02 -0.28 -0.58 -0.88 -1.18 -1.48 -1.78 -2.08   -2.20 -3.10 -4.20 -4.70 -5.20 -5.70  -6.20 -6.70  -7.20  -7.70  -8.20  -9.20  -10.00 -10.00 -10.00 -10.00 -10.00 -10.00 -10.00 -10.00 -10.00;% -14
    4.00 4.00 4.00 4.00 4.00 3.84 3.24 2.64 2.04 1.44 0.84 0.54 0.24 -0.06 -0.36 -0.66 -0.96 -1.26 -1.56 -1.86   -1.85 -2.90 -3.40 -3.90 -4.40 -4.90  -5.40 -5.90  -6.40  -6.90  -7.40  -8.40  -9.40  -10.00 -10.00 -10.00 -10.00 -10.00 -10.00 -10.00 -10.00;% -12
    4.00 4.00 4.00 4.00 4.00 4.00 3.55 2.95 2.35 1.75 1.15 0.85 0.55 0.25 -0.05 -0.35 -0.65 -0.95 -1.25 -1.55   -1.60 -2.50 -3.00 -3.50 -4.00 -4.50  -5.00 -5.50  -6.00  -6.50  -7.00  -8.00  -9.00  -10.00 -10.00 -10.00 -10.00 -10.00 -10.00 -10.00 -10.00;% -10
    4.00 4.00 4.00 4.00 4.00 4.00 3.88 3.28 2.68 2.08 1.48 1.18 0.88 0.58 0.28 -0.02 -0.32 -0.62 -0.92 -1.22   -1.40 -2.10 -2.60 -3.10 -3.60 -4.10  -4.60 -5.10  -5.60  -6.10  -6.60  -7.60  -8.60  -9.60  -10.00 -10.00 -10.00 -10.00 -10.00 -10.00 -10.00;% -8
    4.00 4.00 4.00 4.00 4.00 4.00 4.00 3.63 3.03 2.43 1.83 1.53 1.23 0.93 0.63 0.33  0.03 -0.27 -0.57 -0.87   -1.00 -1.70 -2.20 -2.70 -3.20 -3.70  -4.20 -4.70  -5.20  -5.70  -6.20  -7.20  -8.20  -9.20  -10.00 -10.00 -10.00 -10.00 -10.00 -10.00 -10.00;% -6
    4.00 4.00 4.00 4.00 4.00 4.00 4.00 4.00 3.42 2.82 2.22 1.92 1.62 1.32 1.02 0.72  0.42  0.12 -0.18 -0.48   -0.70 -1.30 -1.80 -2.30 -2.80 -3.30  -3.80 -4.30  -4.80  -5.30  -5.80  -6.80  -7.80  -8.80  -9.80  -10.00 -10.00 -10.00 -10.00 -10.00 -10.00;% -4
    4.00 4.00 4.00 4.00 4.00 4.00 4.00 4.00 3.80 3.20 2.60 2.30 2.00 1.70 1.40 1.10  0.80  0.50  0.20 -0.20   -0.40 -0.90 -1.40 -1.90 -2.40 -2.90  -3.40 -3.90  -4.40  -4.90  -5.40  -6.40  -7.40  -8.40  -9.40  -10.00 -10.00 -10.00 -10.00 -10.00 -10.00;% -2
       
    4.00 4.00 4.00 4.00 4.00 4.00 4.00 4.00 4.00 3.60 3.00 2.70 2.40 2.10 1.80 1.50  1.20  0.90  0.60  0.30   0.00 -0.50 -1.00 -1.50 -2.20 -3.25  -4.00 -5.25  -6.40  -20.25 -25.00 -36.00 -49.00 -64.00 -81.00 -99.00 -99.00 -99.00 -99.00 -99.00 -99.00;% 0 
    4.00 4.00 4.00 4.00 4.00 4.00 4.00 4.00 4.00 3.70 3.10 2.80 2.50 2.20 1.90 1.60  1.30  1.00  0.70  0.40   0.20  0.00 -0.80 -2.25 -4.00 -6.25  -9.00 -12.25 -16.0  -20.25 -25.00 -36.00 -49.00 -64.00 -81.00 -99.00 -99.00 -99.00 -99.00 -99.00 -99.00;% 2
    4.00 4.00 4.00 4.00 4.00 4.00 4.00 4.00 4.00 3.80 3.20 2.90 2.60 2.30 2.00 1.70  1.40  1.10  0.80  0.50   0.20  0.00 -0.50 -1.13 -2.00 -3.13  -4.50 -6.13  -8.00  -10.13 -12.50 -18.00 -24.50 -32.00 -40.50 -50.00 -60.50 -72.00 -84.50 -98.00 -99.00;% 4
    4.00 4.00 4.00 4.00 4.00 4.00 4.00 4.00 4.00 3.84 3.24 2.94 2.64 2.34 2.04 1.74  1.44  1.14  0.84  0.54   0.25  0.00 -0.30 -0.75 -1.33 -2.08  -3.00 -4.08  -5.33  -6.75  -8.33  -12.00 -16.33 -21.33 -27.00 -33.33 -40.33 -48.00 -56.33 -65.33 -75.00;% 6
    4.00 4.00 4.00 4.00 4.00 4.00 4.00 4.00 4.00 3.92 3.32 3.02 2.72 2.42 2.12 1.82  1.52  1.22  0.92  0.62   0.30  0.15  0.00 -0.56 -1.00 -1.56  -2.25 -3.06  -4.00  -5.06  -6.25  -9.00  -12.25 -16.00 -20.25 -25.00 -30.25 -36.00 -42.25 -49.00 -56.25;% 8
    4.00 4.00 4.00 4.00 4.00 4.00 4.00 4.00 4.00 4.00 3.40 3.10 2.80 2.50 2.20 1.90  1.60  1.30  1.00  0.70   0.50  0.25  0.00 -0.45 -0.80 -1.25  -1.80 -2.45  -3.20  -4.05  -5.00  -7.20  -9.80  -12.80 -16.20 -20.00 -24.20 -28.80 -33.80 -39.20 -45.00;% 10
    4.00 4.00 4.00 4.00 4.00 4.00 4.00 4.00 4.00 4.00 3.46 3.12 2.82 2.52 2.22 1.92  1.62  1.32  1.02  0.72   0.60  0.30  0.00 -0.38 -0.67 -1.04  -1.50 -2.04  -2.67  -3.38  -4.17  -6.00  -8.17  -10.67 -13.50 -16.67 -20.17 -24.00 -28.17 -32.67 -37.50;% 12
    4.00 4.00 4.00 4.00 4.00 4.00 4.00 4.00 4.00 4.00 3.80 3.19 2.89 2.59 2.29 1.99  1.69  1.39  1.09  0.79   0.70  0.35  0.00 -0.32 -0.57 -0.89  -1.29 -1.75  -2.29  -2.89  -3.57  -5.14  -7.00  -9.14  -11.57 -14.29 -17.29 -20.57 -24.14 -28.00 -32.14;% 14
    4.00 4.00 4.00 4.00 4.00 4.00 4.00 4.00 4.00 4.00 4.00 3.26 2.96 2.66 2.36 2.06  1.76  1.46  1.16  0.86   0.80  0.50  0.00 -0.20 -0.48 -0.82  -1.13 -2.00  -2.53  -3.12  -3.78  -4.50  -6.12  -8.00  -10.12 -12.50 -15.12 -18.23 -21.12 -24.50 -28.12;% 16
    4.00 4.00 4.00 4.00 4.00 4.00 4.00 4.00 4.00 4.00 4.00 3.31 3.01 2.71 2.41 2.11  1.81  1.51  1.21  0.91   0.80  0.50  0.30  0.00 -0.44 -0.70  -1.00 -1.36  -1.78  -2.25  -2.78  -4.00  -5.44  -7.11  -9.00  -11.11 -13.44 -16.00 -18.78 -21.78 -25.00;% 18
    4.00 4.00 4.00 4.00 4.00 4.00 4.00 4.00 4.00 4.00 4.00 3.38 3.08 2.78 2.48 2.18  1.88  1.58  1.28  0.98   0.90  0.75  0.55  0.30 -0.30 -0.62  -0.90 -1.22  -1.60  -2.06  -2.50  -3.60  -4.90  -6.40  -8.10  -10.00 -12.10 -14.40 -16.90 -19.60 -22.50;% 20
    4.00 4.00 4.00 4.00 4.00 4.00 4.00 4.00 4.00 4.00 4.00 3.50 3.20 2.90 2.60 2.30  2.00  1.70  1.40  1.10   1.10  0.80  0.60  0.40 -0.20 -0.50  -0.72 -0.98  -1.28  -1.62  -2.00  -2.88  -3.92  -5.12  -6.48  -8.00  -9.68  -11.52 -13.52 -15.68 -18.00;% 25
    4.00 4.00 4.00 4.00 4.00 4.00 4.00 4.00 4.00 4.00 4.00 3.63 3.33 3.03 2.73 2.43  2.13  1.83  1.53  1.23   1.10  0.90  0.70  0.45 -0.10 -0.30  -0.60 -0.82  -1.06  -1.35  -1.67  -2.40  -3.26  -4.26  -5.40  -6.67  -8.07  -9.60  -11.26 -13.06 -15.00;% 30
    4.00 4.00 4.00 4.00 4.00 4.00 4.00 4.00 4.00 4.00 4.00 3.78 3.49 3.19 2.89 2.59  2.29  1.99  1.69  1.39   1.20  1.00  0.80  0.60  0.00 -0.30  -0.51 -0.70  -0.91  -1.15  -1.43  -2.06  -2.80  -3.66  -4.63  -5.71  -6.91  -8.22  -9.65  -11.20 -12.85;% 35
