%前车的车速和加速度 系统step 0.1s acc -2m/s^2
Front_V_Arr = [9 8.9 8.5 8.3 8.2 8.1 7.8 7.6 7.5 7.4 7.1 7.1 7.0 6.9 6.8 6.7 6.5];
Front_A_Arr = [-0.3 -0.5 -2 -0.8 -0.9 -1.2 -1.8 -1.9 -2.8 -2.0 -2.2 -1.8 -1.6 -1.0 -0.6 -0.3 -0.2];

%根据不同的车速定义最大加速度和加速度
Front_V_Range =    [0  2    5    10    20    30.0];
Front_Acc_Range =  [0  1   1.8   3.0   2.0   1.0];
Front_Dece_Range = [0  -1  -2.6  -4.0  -2    -1];








